2 0.486910 0.118190 0.101350 0.179230
2 0.438370 0.290240 0.089970 0.163340
2 0.556340 0.288330 0.091830 0.170940
2 0.393840 0.448620 0.095200 0.180100
2 0.499860 0.448490 0.081540 0.196980
2 0.607980 0.454010 0.089190 0.190890
2 0.714300 0.451310 0.098980 0.222620
2 0.356990 0.608090 0.095780 0.179030
2 0.454940 0.607060 0.088840 0.188400
2 0.786630 0.770150 0.090400 0.173200
2 0.270709 0.907675 0.179364 0.147147
2 0.551780 0.612210 0.079640 0.175840
2 0.651480 0.619110 0.087630 0.189660
2 0.751280 0.617960 0.084370 0.198770
2 0.313380 0.751500 0.085710 0.177280
2 0.407930 0.744750 0.094800 0.166640
2 0.506250 0.755350 0.082880 0.159270
2 0.596610 0.756920 0.075020 0.173840
2 0.691520 0.768510 0.084850 0.171310
